## Exp Num, PV Num, PV Name, Start Time, Stop Time, Type, Mean, Variance,NumDistPts
0,0,AvgQueueSize,-1.000000,-1.000000,Results,4.366076,23.428821,101
## Dist,x, P(X=x), P(X<=x)
Dist,0.000000,0.186356,0.186356
Dist,1.000000,0.151628,0.337984
Dist,2.000000,0.123371,0.461354
Dist,3.000000,0.100380,0.561734
Dist,4.000000,0.081673,0.643408
Dist,5.000000,0.066453,0.709861
Dist,6.000000,0.054069,0.763930
Dist,7.000000,0.043993,0.807923
Dist,8.000000,0.035795,0.843718
Dist,9.000000,0.029124,0.872842
Dist,10.000000,0.023697,0.896538
Dist,11.000000,0.019281,0.915819
Dist,12.000000,0.015688,0.931507
Dist,13.000000,0.012764,0.944271
Dist,14.000000,0.010385,0.954656
Dist,15.000000,0.008450,0.963106
Dist,16.000000,0.006875,0.969982
Dist,17.000000,0.005594,0.975576
Dist,18.000000,0.004552,0.980127
Dist,19.000000,0.003703,0.983831
Dist,20.000000,0.003013,0.986844
Dist,21.000000,0.002452,0.989296
Dist,22.000000,0.001995,0.991290
Dist,23.000000,0.001623,0.992913
Dist,24.000000,0.001321,0.994234
Dist,25.000000,0.001075,0.995309
Dist,26.000000,0.000874,0.996183
Dist,27.000000,0.000711,0.996894
Dist,28.000000,0.000579,0.997473
Dist,29.000000,0.000471,0.997944
Dist,30.000000,0.000383,0.998327
Dist,31.000000,0.000312,0.998639
Dist,32.000000,0.000254,0.998892
Dist,33.000000,0.000206,0.999099
Dist,34.000000,0.000168,0.999267
Dist,35.000000,0.000137,0.999403
Dist,36.000000,0.000111,0.999515
Dist,37.000000,0.000090,0.999605
Dist,38.000000,0.000074,0.999679
Dist,39.000000,0.000060,0.999739
Dist,40.000000,0.000049,0.999787
Dist,41.000000,0.000040,0.999827
Dist,42.000000,0.000032,0.999859
Dist,43.000000,0.000026,0.999885
Dist,44.000000,0.000021,0.999907
Dist,45.000000,0.000017,0.999924
Dist,46.000000,0.000014,0.999938
Dist,47.000000,0.000012,0.999950
Dist,48.000000,0.000009,0.999959
Dist,49.000000,0.000008,0.999967
Dist,50.000000,0.000006,0.999973
Dist,51.000000,0.000005,0.999978
Dist,52.000000,0.000004,0.999982
Dist,53.000000,0.000003,0.999985
Dist,54.000000,0.000003,0.999988
Dist,55.000000,0.000002,0.999990
Dist,56.000000,0.000002,0.999992
Dist,57.000000,0.000001,0.999994
Dist,58.000000,0.000001,0.999995
Dist,59.000000,0.000001,0.999996
Dist,60.000000,0.000001,0.999997
Dist,61.000000,0.000001,0.999997
Dist,62.000000,0.000001,0.999998
Dist,63.000000,0.000000,0.999998
Dist,64.000000,0.000000,0.999998
Dist,65.000000,0.000000,0.999999
Dist,66.000000,0.000000,0.999999
Dist,67.000000,0.000000,0.999999
Dist,68.000000,0.000000,0.999999
Dist,69.000000,0.000000,0.999999
Dist,70.000000,0.000000,1.000000
Dist,71.000000,0.000000,1.000000
Dist,72.000000,0.000000,1.000000
Dist,73.000000,0.000000,1.000000
Dist,74.000000,0.000000,1.000000
Dist,75.000000,0.000000,1.000000
Dist,76.000000,0.000000,1.000000
Dist,77.000000,0.000000,1.000000
Dist,78.000000,0.000000,1.000000
Dist,79.000000,0.000000,1.000000
Dist,80.000000,0.000000,1.000000
Dist,81.000000,0.000000,1.000000
Dist,82.000000,0.000000,1.000000
Dist,83.000000,0.000000,1.000000
Dist,84.000000,0.000000,1.000000
Dist,85.000000,0.000000,1.000000
Dist,86.000000,0.000000,1.000000
Dist,87.000000,0.000000,1.000000
Dist,88.000000,0.000000,1.000000
Dist,89.000000,0.000000,1.000000
Dist,90.000000,0.000000,1.000000
Dist,91.000000,0.000000,1.000000
Dist,92.000000,0.000000,1.000000
Dist,93.000000,0.000000,1.000000
Dist,94.000000,0.000000,1.000000
Dist,95.000000,0.000000,1.000000
Dist,96.000000,0.000000,1.000000
Dist,97.000000,0.000000,1.000000
Dist,98.000000,0.000000,1.000000
Dist,99.000000,0.000000,1.000000
Dist,100.000000,0.000000,1.000000

## Exp Num, PV Num, PV Name, Start Time, Stop Time, Type, Mean, Variance,NumDistPts
0,1,AvgPeerDistance,-1.000000,-1.000000,Results,2.000000,1.000000,5
## Dist,x, P(X=x), P(X<=x)
Dist,0.000000,0.000000,0.000000
Dist,1.000000,0.400000,0.400000
Dist,2.000000,0.300000,0.700000
Dist,3.000000,0.200000,0.900000
Dist,4.000000,0.100000,1.000000

## Exp Num, PV Num, PV Name, Start Time, Stop Time, Type, Mean, Variance,NumDistPts
0,2,BlockingProbability,-1.000000,-1.000000,Results,0.000000,0.000000,2
## Dist,x, P(X=x), P(X<=x)
Dist,0.000000,1.000000,1.000000
Dist,1.000000,0.000000,1.000000

