## Exp Num, PV Num, PV Name, Start Time, Stop Time, Type, Mean, Variance,NumDistPts
0,0,AvgQueueSize,-1.000000,-1.000000,Results,3.395218,14.922769,101
## Dist,x, P(X=x), P(X<=x)
Dist,0.000000,0.227520,0.227520
Dist,1.000000,0.175755,0.403275
Dist,2.000000,0.135767,0.539042
Dist,3.000000,0.104877,0.643919
Dist,4.000000,0.081016,0.724935
Dist,5.000000,0.062583,0.787517
Dist,6.000000,0.048344,0.835862
Dist,7.000000,0.037345,0.873206
Dist,8.000000,0.028848,0.902054
Dist,9.000000,0.022285,0.924339
Dist,10.000000,0.017214,0.941553
Dist,11.000000,0.013298,0.954851
Dist,12.000000,0.010272,0.965123
Dist,13.000000,0.007935,0.973058
Dist,14.000000,0.006130,0.979188
Dist,15.000000,0.004735,0.983923
Dist,16.000000,0.003658,0.987581
Dist,17.000000,0.002826,0.990407
Dist,18.000000,0.002183,0.992589
Dist,19.000000,0.001686,0.994275
Dist,20.000000,0.001302,0.995578
Dist,21.000000,0.001006,0.996584
Dist,22.000000,0.000777,0.997361
Dist,23.000000,0.000600,0.997962
Dist,24.000000,0.000464,0.998425
Dist,25.000000,0.000358,0.998784
Dist,26.000000,0.000277,0.999060
Dist,27.000000,0.000214,0.999274
Dist,28.000000,0.000165,0.999439
Dist,29.000000,0.000128,0.999567
Dist,30.000000,0.000099,0.999665
Dist,31.000000,0.000076,0.999742
Dist,32.000000,0.000059,0.999800
Dist,33.000000,0.000045,0.999846
Dist,34.000000,0.000035,0.999881
Dist,35.000000,0.000027,0.999908
Dist,36.000000,0.000021,0.999929
Dist,37.000000,0.000016,0.999945
Dist,38.000000,0.000012,0.999958
Dist,39.000000,0.000010,0.999967
Dist,40.000000,0.000007,0.999975
Dist,41.000000,0.000006,0.999980
Dist,42.000000,0.000004,0.999985
Dist,43.000000,0.000003,0.999988
Dist,44.000000,0.000003,0.999991
Dist,45.000000,0.000002,0.999993
Dist,46.000000,0.000002,0.999995
Dist,47.000000,0.000001,0.999996
Dist,48.000000,0.000001,0.999997
Dist,49.000000,0.000001,0.999998
Dist,50.000000,0.000001,0.999998
Dist,51.000000,0.000000,0.999999
Dist,52.000000,0.000000,0.999999
Dist,53.000000,0.000000,0.999999
Dist,54.000000,0.000000,0.999999
Dist,55.000000,0.000000,0.999999
Dist,56.000000,0.000000,1.000000
Dist,57.000000,0.000000,1.000000
Dist,58.000000,0.000000,1.000000
Dist,59.000000,0.000000,1.000000
Dist,60.000000,0.000000,1.000000
Dist,61.000000,0.000000,1.000000
Dist,62.000000,0.000000,1.000000
Dist,63.000000,0.000000,1.000000
Dist,64.000000,0.000000,1.000000
Dist,65.000000,0.000000,1.000000
Dist,66.000000,0.000000,1.000000
Dist,67.000000,0.000000,1.000000
Dist,68.000000,0.000000,1.000000
Dist,69.000000,0.000000,1.000000
Dist,70.000000,0.000000,1.000000
Dist,71.000000,0.000000,1.000000
Dist,72.000000,0.000000,1.000000
Dist,73.000000,0.000000,1.000000
Dist,74.000000,0.000000,1.000000
Dist,75.000000,0.000000,1.000000
Dist,76.000000,0.000000,1.000000
Dist,77.000000,0.000000,1.000000
Dist,78.000000,0.000000,1.000000
Dist,79.000000,0.000000,1.000000
Dist,80.000000,0.000000,1.000000
Dist,81.000000,0.000000,1.000000
Dist,82.000000,0.000000,1.000000
Dist,83.000000,0.000000,1.000000
Dist,84.000000,0.000000,1.000000
Dist,85.000000,0.000000,1.000000
Dist,86.000000,0.000000,1.000000
Dist,87.000000,0.000000,1.000000
Dist,88.000000,0.000000,1.000000
Dist,89.000000,0.000000,1.000000
Dist,90.000000,0.000000,1.000000
Dist,91.000000,0.000000,1.000000
Dist,92.000000,0.000000,1.000000
Dist,93.000000,0.000000,1.000000
Dist,94.000000,0.000000,1.000000
Dist,95.000000,0.000000,1.000000
Dist,96.000000,0.000000,1.000000
Dist,97.000000,0.000000,1.000000
Dist,98.000000,0.000000,1.000000
Dist,99.000000,0.000000,1.000000
Dist,100.000000,0.000000,1.000000

## Exp Num, PV Num, PV Name, Start Time, Stop Time, Type, Mean, Variance,NumDistPts
0,1,AvgPeerDistance,-1.000000,-1.000000,Results,2.000000,1.000000,5
## Dist,x, P(X=x), P(X<=x)
Dist,0.000000,0.000000,0.000000
Dist,1.000000,0.400000,0.400000
Dist,2.000000,0.300000,0.700000
Dist,3.000000,0.200000,0.900000
Dist,4.000000,0.100000,1.000000

## Exp Num, PV Num, PV Name, Start Time, Stop Time, Type, Mean, Variance,NumDistPts
0,2,BlockingProbability,-1.000000,-1.000000,Results,0.000000,0.000000,2
## Dist,x, P(X=x), P(X<=x)
Dist,0.000000,1.000000,1.000000
Dist,1.000000,0.000000,1.000000

