## Exp Num, PV Num, PV Name, Start Time, Stop Time, Type, Mean, Variance,NumDistPts
0,0,AvgQueueSize,-1.000000,-1.000000,Results,2.916292,11.421078,101
## Dist,x, P(X=x), P(X<=x)
Dist,0.000000,0.255344,0.255344
Dist,1.000000,0.190143,0.445487
Dist,2.000000,0.141591,0.587078
Dist,3.000000,0.105437,0.692515
Dist,4.000000,0.078514,0.771029
Dist,5.000000,0.058466,0.829496
Dist,6.000000,0.043537,0.873033
Dist,7.000000,0.032420,0.905453
Dist,8.000000,0.024142,0.929595
Dist,9.000000,0.017977,0.947572
Dist,10.000000,0.013387,0.960959
Dist,11.000000,0.009969,0.970928
Dist,12.000000,0.007423,0.978351
Dist,13.000000,0.005528,0.983879
Dist,14.000000,0.004116,0.987996
Dist,15.000000,0.003065,0.991061
Dist,16.000000,0.002283,0.993343
Dist,17.000000,0.001700,0.995043
Dist,18.000000,0.001266,0.996309
Dist,19.000000,0.000943,0.997251
Dist,20.000000,0.000702,0.997953
Dist,21.000000,0.000523,0.998476
Dist,22.000000,0.000389,0.998865
Dist,23.000000,0.000290,0.999155
Dist,24.000000,0.000216,0.999371
Dist,25.000000,0.000161,0.999531
Dist,26.000000,0.000120,0.999651
Dist,27.000000,0.000089,0.999740
Dist,28.000000,0.000066,0.999806
Dist,29.000000,0.000049,0.999856
Dist,30.000000,0.000037,0.999893
Dist,31.000000,0.000027,0.999920
Dist,32.000000,0.000020,0.999940
Dist,33.000000,0.000015,0.999956
Dist,34.000000,0.000011,0.999967
Dist,35.000000,0.000008,0.999975
Dist,36.000000,0.000006,0.999982
Dist,37.000000,0.000005,0.999986
Dist,38.000000,0.000003,0.999990
Dist,39.000000,0.000003,0.999992
Dist,40.000000,0.000002,0.999994
Dist,41.000000,0.000001,0.999996
Dist,42.000000,0.000001,0.999997
Dist,43.000000,0.000001,0.999998
Dist,44.000000,0.000001,0.999998
Dist,45.000000,0.000000,0.999999
Dist,46.000000,0.000000,0.999999
Dist,47.000000,0.000000,0.999999
Dist,48.000000,0.000000,0.999999
Dist,49.000000,0.000000,1.000000
Dist,50.000000,0.000000,1.000000
Dist,51.000000,0.000000,1.000000
Dist,52.000000,0.000000,1.000000
Dist,53.000000,0.000000,1.000000
Dist,54.000000,0.000000,1.000000
Dist,55.000000,0.000000,1.000000
Dist,56.000000,0.000000,1.000000
Dist,57.000000,0.000000,1.000000
Dist,58.000000,0.000000,1.000000
Dist,59.000000,0.000000,1.000000
Dist,60.000000,0.000000,1.000000
Dist,61.000000,0.000000,1.000000
Dist,62.000000,0.000000,1.000000
Dist,63.000000,0.000000,1.000000
Dist,64.000000,0.000000,1.000000
Dist,65.000000,0.000000,1.000000
Dist,66.000000,0.000000,1.000000
Dist,67.000000,0.000000,1.000000
Dist,68.000000,0.000000,1.000000
Dist,69.000000,0.000000,1.000000
Dist,70.000000,0.000000,1.000000
Dist,71.000000,0.000000,1.000000
Dist,72.000000,0.000000,1.000000
Dist,73.000000,0.000000,1.000000
Dist,74.000000,0.000000,1.000000
Dist,75.000000,0.000000,1.000000
Dist,76.000000,0.000000,1.000000
Dist,77.000000,0.000000,1.000000
Dist,78.000000,0.000000,1.000000
Dist,79.000000,0.000000,1.000000
Dist,80.000000,0.000000,1.000000
Dist,81.000000,0.000000,1.000000
Dist,82.000000,0.000000,1.000000
Dist,83.000000,0.000000,1.000000
Dist,84.000000,0.000000,1.000000
Dist,85.000000,0.000000,1.000000
Dist,86.000000,0.000000,1.000000
Dist,87.000000,0.000000,1.000000
Dist,88.000000,0.000000,1.000000
Dist,89.000000,0.000000,1.000000
Dist,90.000000,0.000000,1.000000
Dist,91.000000,0.000000,1.000000
Dist,92.000000,0.000000,1.000000
Dist,93.000000,0.000000,1.000000
Dist,94.000000,0.000000,1.000000
Dist,95.000000,0.000000,1.000000
Dist,96.000000,0.000000,1.000000
Dist,97.000000,0.000000,1.000000
Dist,98.000000,0.000000,1.000000
Dist,99.000000,0.000000,1.000000
Dist,100.000000,0.000000,1.000000

## Exp Num, PV Num, PV Name, Start Time, Stop Time, Type, Mean, Variance,NumDistPts
0,1,AvgPeerDistance,-1.000000,-1.000000,Results,2.000000,1.000000,5
## Dist,x, P(X=x), P(X<=x)
Dist,0.000000,0.000000,0.000000
Dist,1.000000,0.400000,0.400000
Dist,2.000000,0.300000,0.700000
Dist,3.000000,0.200000,0.900000
Dist,4.000000,0.100000,1.000000

## Exp Num, PV Num, PV Name, Start Time, Stop Time, Type, Mean, Variance,NumDistPts
0,2,BlockingProbability,-1.000000,-1.000000,Results,0.000000,0.000000,2
## Dist,x, P(X=x), P(X<=x)
Dist,0.000000,1.000000,1.000000
Dist,1.000000,0.000000,1.000000

