## Exp Num, PV Num, PV Name, Start Time, Stop Time, Type, Mean, Variance,NumDistPts
0,0,AvgQueueSize,-1.000000,-1.000000,Results,2.359249,7.925312,101
## Dist,x, P(X=x), P(X<=x)
Dist,0.000000,0.297686,0.297686
Dist,1.000000,0.209069,0.506755
Dist,2.000000,0.146832,0.653587
Dist,3.000000,0.103122,0.756709
Dist,4.000000,0.072424,0.829133
Dist,5.000000,0.050865,0.879998
Dist,6.000000,0.035723,0.915721
Dist,7.000000,0.025089,0.940809
Dist,8.000000,0.017620,0.958430
Dist,9.000000,0.012375,0.970805
Dist,10.000000,0.008691,0.979496
Dist,11.000000,0.006104,0.985599
Dist,12.000000,0.004287,0.989886
Dist,13.000000,0.003011,0.992897
Dist,14.000000,0.002114,0.995011
Dist,15.000000,0.001485,0.996496
Dist,16.000000,0.001043,0.997539
Dist,17.000000,0.000732,0.998272
Dist,18.000000,0.000514,0.998786
Dist,19.000000,0.000361,0.999148
Dist,20.000000,0.000254,0.999401
Dist,21.000000,0.000178,0.999580
Dist,22.000000,0.000125,0.999705
Dist,23.000000,0.000088,0.999793
Dist,24.000000,0.000062,0.999854
Dist,25.000000,0.000043,0.999898
Dist,26.000000,0.000030,0.999928
Dist,27.000000,0.000021,0.999950
Dist,28.000000,0.000015,0.999965
Dist,29.000000,0.000011,0.999975
Dist,30.000000,0.000007,0.999983
Dist,31.000000,0.000005,0.999988
Dist,32.000000,0.000004,0.999991
Dist,33.000000,0.000003,0.999994
Dist,34.000000,0.000002,0.999996
Dist,35.000000,0.000001,0.999997
Dist,36.000000,0.000001,0.999998
Dist,37.000000,0.000001,0.999999
Dist,38.000000,0.000000,0.999999
Dist,39.000000,0.000000,0.999999
Dist,40.000000,0.000000,0.999999
Dist,41.000000,0.000000,1.000000
Dist,42.000000,0.000000,1.000000
Dist,43.000000,0.000000,1.000000
Dist,44.000000,0.000000,1.000000
Dist,45.000000,0.000000,1.000000
Dist,46.000000,0.000000,1.000000
Dist,47.000000,0.000000,1.000000
Dist,48.000000,0.000000,1.000000
Dist,49.000000,0.000000,1.000000
Dist,50.000000,0.000000,1.000000
Dist,51.000000,0.000000,1.000000
Dist,52.000000,0.000000,1.000000
Dist,53.000000,0.000000,1.000000
Dist,54.000000,0.000000,1.000000
Dist,55.000000,0.000000,1.000000
Dist,56.000000,0.000000,1.000000
Dist,57.000000,0.000000,1.000000
Dist,58.000000,0.000000,1.000000
Dist,59.000000,0.000000,1.000000
Dist,60.000000,0.000000,1.000000
Dist,61.000000,0.000000,1.000000
Dist,62.000000,0.000000,1.000000
Dist,63.000000,0.000000,1.000000
Dist,64.000000,0.000000,1.000000
Dist,65.000000,0.000000,1.000000
Dist,66.000000,0.000000,1.000000
Dist,67.000000,0.000000,1.000000
Dist,68.000000,0.000000,1.000000
Dist,69.000000,0.000000,1.000000
Dist,70.000000,0.000000,1.000000
Dist,71.000000,0.000000,1.000000
Dist,72.000000,0.000000,1.000000
Dist,73.000000,0.000000,1.000000
Dist,74.000000,0.000000,1.000000
Dist,75.000000,0.000000,1.000000
Dist,76.000000,0.000000,1.000000
Dist,77.000000,0.000000,1.000000
Dist,78.000000,0.000000,1.000000
Dist,79.000000,0.000000,1.000000
Dist,80.000000,0.000000,1.000000
Dist,81.000000,0.000000,1.000000
Dist,82.000000,0.000000,1.000000
Dist,83.000000,0.000000,1.000000
Dist,84.000000,0.000000,1.000000
Dist,85.000000,0.000000,1.000000
Dist,86.000000,0.000000,1.000000
Dist,87.000000,0.000000,1.000000
Dist,88.000000,0.000000,1.000000
Dist,89.000000,0.000000,1.000000
Dist,90.000000,0.000000,1.000000
Dist,91.000000,0.000000,1.000000
Dist,92.000000,0.000000,1.000000
Dist,93.000000,0.000000,1.000000
Dist,94.000000,0.000000,1.000000
Dist,95.000000,0.000000,1.000000
Dist,96.000000,0.000000,1.000000
Dist,97.000000,0.000000,1.000000
Dist,98.000000,0.000000,1.000000
Dist,99.000000,0.000000,1.000000
Dist,100.000000,0.000000,1.000000

## Exp Num, PV Num, PV Name, Start Time, Stop Time, Type, Mean, Variance,NumDistPts
0,1,AvgPeerDistance,-1.000000,-1.000000,Results,2.000000,1.000000,5
## Dist,x, P(X=x), P(X<=x)
Dist,0.000000,-0.000000,-0.000000
Dist,1.000000,0.400000,0.400000
Dist,2.000000,0.300000,0.700000
Dist,3.000000,0.200000,0.900000
Dist,4.000000,0.100000,1.000000

## Exp Num, PV Num, PV Name, Start Time, Stop Time, Type, Mean, Variance,NumDistPts
0,2,BlockingProbability,-1.000000,-1.000000,Results,0.000000,0.000000,2
## Dist,x, P(X=x), P(X<=x)
Dist,0.000000,1.000000,1.000000
Dist,1.000000,0.000000,1.000000

