## Exp Num, PV Num, PV Name, Start Time, Stop Time, Type, Mean, Variance,NumDistPts
0,0,AvgQueueSize,-1.000000,-1.000000,Results,45.971134,860.493172,101
## Dist,x, P(X=x), P(X<=x)
Dist,0.000000,0.012724,0.012724
Dist,1.000000,0.012654,0.025377
Dist,2.000000,0.012584,0.037962
Dist,3.000000,0.012515,0.050477
Dist,4.000000,0.012446,0.062923
Dist,5.000000,0.012378,0.075300
Dist,6.000000,0.012310,0.087610
Dist,7.000000,0.012242,0.099852
Dist,8.000000,0.012175,0.112027
Dist,9.000000,0.012108,0.124134
Dist,10.000000,0.012041,0.136175
Dist,11.000000,0.011975,0.148150
Dist,12.000000,0.011909,0.160059
Dist,13.000000,0.011844,0.171903
Dist,14.000000,0.011778,0.183681
Dist,15.000000,0.011714,0.195395
Dist,16.000000,0.011649,0.207044
Dist,17.000000,0.011585,0.218629
Dist,18.000000,0.011522,0.230151
Dist,19.000000,0.011458,0.241609
Dist,20.000000,0.011395,0.253004
Dist,21.000000,0.011333,0.264337
Dist,22.000000,0.011270,0.275607
Dist,23.000000,0.011208,0.286815
Dist,24.000000,0.011147,0.297962
Dist,25.000000,0.011085,0.309048
Dist,26.000000,0.011024,0.320072
Dist,27.000000,0.010964,0.331036
Dist,28.000000,0.010904,0.341939
Dist,29.000000,0.010844,0.352783
Dist,30.000000,0.010784,0.363567
Dist,31.000000,0.010725,0.374292
Dist,32.000000,0.010666,0.384958
Dist,33.000000,0.010607,0.395565
Dist,34.000000,0.010549,0.406114
Dist,35.000000,0.010491,0.416605
Dist,36.000000,0.010433,0.427038
Dist,37.000000,0.010376,0.437414
Dist,38.000000,0.010319,0.447733
Dist,39.000000,0.010262,0.457996
Dist,40.000000,0.010206,0.468201
Dist,41.000000,0.010150,0.478351
Dist,42.000000,0.010094,0.488445
Dist,43.000000,0.010038,0.498484
Dist,44.000000,0.009983,0.508467
Dist,45.000000,0.009928,0.518395
Dist,46.000000,0.009874,0.528269
Dist,47.000000,0.009820,0.538089
Dist,48.000000,0.009766,0.547855
Dist,49.000000,0.009712,0.557567
Dist,50.000000,0.009659,0.567225
Dist,51.000000,0.009606,0.576831
Dist,52.000000,0.009553,0.586384
Dist,53.000000,0.009500,0.595884
Dist,54.000000,0.009448,0.605332
Dist,55.000000,0.009396,0.614728
Dist,56.000000,0.009345,0.624073
Dist,57.000000,0.009293,0.633366
Dist,58.000000,0.009242,0.642608
Dist,59.000000,0.009191,0.651799
Dist,60.000000,0.009141,0.660940
Dist,61.000000,0.009091,0.670031
Dist,62.000000,0.009041,0.679071
Dist,63.000000,0.008991,0.688062
Dist,64.000000,0.008942,0.697004
Dist,65.000000,0.008892,0.705896
Dist,66.000000,0.008844,0.714740
Dist,67.000000,0.008795,0.723535
Dist,68.000000,0.008747,0.732281
Dist,69.000000,0.008699,0.740980
Dist,70.000000,0.008651,0.749630
Dist,71.000000,0.008603,0.758234
Dist,72.000000,0.008556,0.766790
Dist,73.000000,0.008509,0.775298
Dist,74.000000,0.008462,0.783761
Dist,75.000000,0.008416,0.792176
Dist,76.000000,0.008369,0.800546
Dist,77.000000,0.008324,0.808869
Dist,78.000000,0.008278,0.817147
Dist,79.000000,0.008233,0.825380
Dist,80.000000,0.008187,0.833567
Dist,81.000000,0.008143,0.841710
Dist,82.000000,0.008098,0.849808
Dist,83.000000,0.008055,0.857863
Dist,84.000000,0.008011,0.865874
Dist,85.000000,0.007968,0.873842
Dist,86.000000,0.007927,0.881769
Dist,87.000000,0.007886,0.889655
Dist,88.000000,0.007847,0.897502
Dist,89.000000,0.007811,0.905313
Dist,90.000000,0.007778,0.913091
Dist,91.000000,0.007751,0.920842
Dist,92.000000,0.007732,0.928574
Dist,93.000000,0.007728,0.936302
Dist,94.000000,0.007746,0.944048
Dist,95.000000,0.007804,0.951852
Dist,96.000000,0.007936,0.959789
Dist,97.000000,0.008213,0.968001
Dist,98.000000,0.008794,0.976796
Dist,99.000000,0.010079,0.986875
Dist,100.000000,0.013125,1.000000

## Exp Num, PV Num, PV Name, Start Time, Stop Time, Type, Mean, Variance,NumDistPts
0,1,AvgPeerDistance,-1.000000,-1.000000,Results,5.500000,8.250000,11
## Dist,x, P(X=x), P(X<=x)
Dist,0.000000,0.000000,0.000000
Dist,1.000000,0.100000,0.100000
Dist,2.000000,0.100000,0.200000
Dist,3.000000,0.100000,0.300000
Dist,4.000000,0.100000,0.400000
Dist,5.000000,0.100000,0.500000
Dist,6.000000,0.100000,0.600000
Dist,7.000000,0.100000,0.700000
Dist,8.000000,0.100000,0.800000
Dist,9.000000,0.100000,0.900000
Dist,10.000000,0.100000,1.000000

## Exp Num, PV Num, PV Name, Start Time, Stop Time, Type, Mean, Variance,NumDistPts
0,2,BlockingProbability,-1.000000,-1.000000,Results,0.013125,0.012953,2
## Dist,x, P(X=x), P(X<=x)
Dist,0.000000,0.986875,0.986875
Dist,1.000000,0.013125,1.000000

