## Exp Num, PV Num, PV Name, Start Time, Stop Time, Type, Mean, Variance,NumDistPts
0,0,AvgQueueSize,-1.000000,-1.000000,Results,96.939924,18.361582,101
## Dist,x, P(X=x), P(X<=x)
Dist,0.000000,0.000000,0.000000
Dist,1.000000,0.000000,0.000000
Dist,2.000000,0.000000,0.000000
Dist,3.000000,0.000000,0.000000
Dist,4.000000,0.000000,0.000000
Dist,5.000000,0.000000,0.000000
Dist,6.000000,0.000000,0.000000
Dist,7.000000,0.000000,0.000000
Dist,8.000000,0.000000,0.000000
Dist,9.000000,0.000000,0.000000
Dist,10.000000,0.000000,0.000000
Dist,11.000000,0.000000,0.000000
Dist,12.000000,0.000000,0.000000
Dist,13.000000,0.000000,0.000000
Dist,14.000000,0.000000,0.000000
Dist,15.000000,0.000000,0.000000
Dist,16.000000,0.000000,0.000000
Dist,17.000000,0.000000,0.000000
Dist,18.000000,0.000000,0.000000
Dist,19.000000,0.000000,0.000000
Dist,20.000000,0.000000,0.000000
Dist,21.000000,0.000000,0.000000
Dist,22.000000,0.000000,0.000000
Dist,23.000000,0.000000,0.000000
Dist,24.000000,0.000000,0.000000
Dist,25.000000,0.000000,0.000000
Dist,26.000000,0.000000,0.000000
Dist,27.000000,0.000000,0.000000
Dist,28.000000,0.000000,0.000000
Dist,29.000000,0.000000,0.000000
Dist,30.000000,0.000000,0.000000
Dist,31.000000,0.000000,0.000000
Dist,32.000000,0.000000,0.000000
Dist,33.000000,0.000000,0.000001
Dist,34.000000,0.000000,0.000001
Dist,35.000000,0.000000,0.000001
Dist,36.000000,0.000000,0.000001
Dist,37.000000,0.000000,0.000001
Dist,38.000000,0.000000,0.000002
Dist,39.000000,0.000000,0.000002
Dist,40.000000,0.000000,0.000002
Dist,41.000000,0.000001,0.000003
Dist,42.000000,0.000001,0.000004
Dist,43.000000,0.000001,0.000005
Dist,44.000000,0.000001,0.000006
Dist,45.000000,0.000001,0.000007
Dist,46.000000,0.000002,0.000008
Dist,47.000000,0.000002,0.000010
Dist,48.000000,0.000002,0.000013
Dist,49.000000,0.000003,0.000016
Dist,50.000000,0.000004,0.000019
Dist,51.000000,0.000005,0.000024
Dist,52.000000,0.000006,0.000030
Dist,53.000000,0.000007,0.000036
Dist,54.000000,0.000008,0.000045
Dist,55.000000,0.000010,0.000055
Dist,56.000000,0.000013,0.000068
Dist,57.000000,0.000016,0.000084
Dist,58.000000,0.000019,0.000103
Dist,59.000000,0.000024,0.000127
Dist,60.000000,0.000029,0.000156
Dist,61.000000,0.000036,0.000192
Dist,62.000000,0.000044,0.000237
Dist,63.000000,0.000055,0.000291
Dist,64.000000,0.000067,0.000359
Dist,65.000000,0.000083,0.000442
Dist,66.000000,0.000102,0.000544
Dist,67.000000,0.000126,0.000670
Dist,68.000000,0.000155,0.000825
Dist,69.000000,0.000191,0.001016
Dist,70.000000,0.000235,0.001252
Dist,71.000000,0.000290,0.001542
Dist,72.000000,0.000357,0.001899
Dist,73.000000,0.000440,0.002338
Dist,74.000000,0.000541,0.002880
Dist,75.000000,0.000667,0.003547
Dist,76.000000,0.000821,0.004368
Dist,77.000000,0.001012,0.005380
Dist,78.000000,0.001246,0.006625
Dist,79.000000,0.001534,0.008160
Dist,80.000000,0.001890,0.010050
Dist,81.000000,0.002328,0.012378
Dist,82.000000,0.002868,0.015246
Dist,83.000000,0.003533,0.018778
Dist,84.000000,0.004353,0.023131
Dist,85.000000,0.005364,0.028495
Dist,86.000000,0.006611,0.035106
Dist,87.000000,0.008151,0.043257
Dist,88.000000,0.010056,0.053312
Dist,89.000000,0.012414,0.065726
Dist,90.000000,0.015342,0.081069
Dist,91.000000,0.018993,0.100062
Dist,92.000000,0.023571,0.123632
Dist,93.000000,0.029365,0.152998
Dist,94.000000,0.036809,0.189807
Dist,95.000000,0.046608,0.236415
Dist,96.000000,0.060048,0.296463
Dist,97.000000,0.079822,0.376285
Dist,98.000000,0.112509,0.488794
Dist,99.000000,0.176881,0.665675
Dist,100.000000,0.334325,1.000000

## Exp Num, PV Num, PV Name, Start Time, Stop Time, Type, Mean, Variance,NumDistPts
0,1,AvgPeerDistance,-1.000000,-1.000000,Results,5.500000,8.250000,11
## Dist,x, P(X=x), P(X<=x)
Dist,0.000000,0.000000,0.000000
Dist,1.000000,0.100000,0.100000
Dist,2.000000,0.100000,0.200000
Dist,3.000000,0.100000,0.300000
Dist,4.000000,0.100000,0.400000
Dist,5.000000,0.100000,0.500000
Dist,6.000000,0.100000,0.600000
Dist,7.000000,0.100000,0.700000
Dist,8.000000,0.100000,0.800000
Dist,9.000000,0.100000,0.900000
Dist,10.000000,0.100000,1.000000

## Exp Num, PV Num, PV Name, Start Time, Stop Time, Type, Mean, Variance,NumDistPts
0,2,BlockingProbability,-1.000000,-1.000000,Results,0.334325,0.222552,2
## Dist,x, P(X=x), P(X<=x)
Dist,0.000000,0.665675,0.665675
Dist,1.000000,0.334325,1.000000

