## Exp Num, PV Num, PV Name, Start Time, Stop Time, Type, Mean, Variance,NumDistPts
0,0,AvgQueueSize,-1.000000,-1.000000,Results,10.471350,119.390644,101
## Dist,x, P(X=x), P(X<=x)
Dist,0.000000,0.087113,0.087113
Dist,1.000000,0.079525,0.166638
Dist,2.000000,0.072598,0.239237
Dist,3.000000,0.066274,0.305511
Dist,4.000000,0.060501,0.366012
Dist,5.000000,0.055231,0.421244
Dist,6.000000,0.050420,0.471664
Dist,7.000000,0.046028,0.517693
Dist,8.000000,0.042019,0.559712
Dist,9.000000,0.038359,0.598071
Dist,10.000000,0.035018,0.633089
Dist,11.000000,0.031967,0.665056
Dist,12.000000,0.029183,0.694239
Dist,13.000000,0.026641,0.720880
Dist,14.000000,0.024320,0.745200
Dist,15.000000,0.022202,0.767402
Dist,16.000000,0.020268,0.787670
Dist,17.000000,0.018503,0.806173
Dist,18.000000,0.016891,0.823064
Dist,19.000000,0.015420,0.838483
Dist,20.000000,0.014076,0.852560
Dist,21.000000,0.012850,0.865410
Dist,22.000000,0.011731,0.877141
Dist,23.000000,0.010709,0.887850
Dist,24.000000,0.009776,0.897626
Dist,25.000000,0.008925,0.906551
Dist,26.000000,0.008147,0.914699
Dist,27.000000,0.007438,0.922136
Dist,28.000000,0.006790,0.928926
Dist,29.000000,0.006198,0.935125
Dist,30.000000,0.005659,0.940783
Dist,31.000000,0.005166,0.945949
Dist,32.000000,0.004716,0.950664
Dist,33.000000,0.004305,0.954969
Dist,34.000000,0.003930,0.958899
Dist,35.000000,0.003588,0.962487
Dist,36.000000,0.003275,0.965762
Dist,37.000000,0.002990,0.968752
Dist,38.000000,0.002729,0.971481
Dist,39.000000,0.002492,0.973973
Dist,40.000000,0.002275,0.976248
Dist,41.000000,0.002077,0.978324
Dist,42.000000,0.001896,0.980220
Dist,43.000000,0.001731,0.981950
Dist,44.000000,0.001580,0.983530
Dist,45.000000,0.001442,0.984972
Dist,46.000000,0.001317,0.986289
Dist,47.000000,0.001202,0.987491
Dist,48.000000,0.001097,0.988588
Dist,49.000000,0.001002,0.989590
Dist,50.000000,0.000914,0.990504
Dist,51.000000,0.000835,0.991339
Dist,52.000000,0.000762,0.992101
Dist,53.000000,0.000696,0.992797
Dist,54.000000,0.000635,0.993432
Dist,55.000000,0.000580,0.994012
Dist,56.000000,0.000529,0.994541
Dist,57.000000,0.000483,0.995024
Dist,58.000000,0.000441,0.995465
Dist,59.000000,0.000403,0.995868
Dist,60.000000,0.000368,0.996235
Dist,61.000000,0.000336,0.996571
Dist,62.000000,0.000306,0.996877
Dist,63.000000,0.000280,0.997157
Dist,64.000000,0.000255,0.997412
Dist,65.000000,0.000233,0.997645
Dist,66.000000,0.000213,0.997858
Dist,67.000000,0.000194,0.998052
Dist,68.000000,0.000177,0.998230
Dist,69.000000,0.000162,0.998392
Dist,70.000000,0.000148,0.998539
Dist,71.000000,0.000135,0.998674
Dist,72.000000,0.000123,0.998797
Dist,73.000000,0.000112,0.998910
Dist,74.000000,0.000103,0.999013
Dist,75.000000,0.000094,0.999106
Dist,76.000000,0.000086,0.999192
Dist,77.000000,0.000078,0.999270
Dist,78.000000,0.000071,0.999341
Dist,79.000000,0.000065,0.999406
Dist,80.000000,0.000059,0.999466
Dist,81.000000,0.000054,0.999520
Dist,82.000000,0.000050,0.999569
Dist,83.000000,0.000045,0.999615
Dist,84.000000,0.000041,0.999656
Dist,85.000000,0.000038,0.999694
Dist,86.000000,0.000034,0.999728
Dist,87.000000,0.000031,0.999759
Dist,88.000000,0.000029,0.999788
Dist,89.000000,0.000026,0.999814
Dist,90.000000,0.000024,0.999838
Dist,91.000000,0.000022,0.999860
Dist,92.000000,0.000020,0.999880
Dist,93.000000,0.000018,0.999898
Dist,94.000000,0.000017,0.999915
Dist,95.000000,0.000015,0.999931
Dist,96.000000,0.000014,0.999945
Dist,97.000000,0.000013,0.999959
Dist,98.000000,0.000013,0.999972
Dist,99.000000,0.000013,0.999985
Dist,100.000000,0.000015,1.000000

## Exp Num, PV Num, PV Name, Start Time, Stop Time, Type, Mean, Variance,NumDistPts
0,1,AvgPeerDistance,-1.000000,-1.000000,Results,5.500000,8.250000,11
## Dist,x, P(X=x), P(X<=x)
Dist,0.000000,0.000000,0.000000
Dist,1.000000,0.100000,0.100000
Dist,2.000000,0.100000,0.200000
Dist,3.000000,0.100000,0.300000
Dist,4.000000,0.100000,0.400000
Dist,5.000000,0.100000,0.500000
Dist,6.000000,0.100000,0.600000
Dist,7.000000,0.100000,0.700000
Dist,8.000000,0.100000,0.800000
Dist,9.000000,0.100000,0.900000
Dist,10.000000,0.100000,1.000000

## Exp Num, PV Num, PV Name, Start Time, Stop Time, Type, Mean, Variance,NumDistPts
0,2,BlockingProbability,-1.000000,-1.000000,Results,0.000015,0.000015,2
## Dist,x, P(X=x), P(X<=x)
Dist,0.000000,0.999985,0.999985
Dist,1.000000,0.000015,1.000000

