## Exp Num, PV Num, PV Name, Start Time, Stop Time, Type, Mean, Variance,NumDistPts
0,0,AvgQueueSize,-1.000000,-1.000000,Results,93.776165,60.034653,101
## Dist,x, P(X=x), P(X<=x)
Dist,0.000000,0.000000,0.000000
Dist,1.000000,0.000000,0.000001
Dist,2.000000,0.000001,0.000001
Dist,3.000000,0.000001,0.000002
Dist,4.000000,0.000001,0.000003
Dist,5.000000,0.000001,0.000003
Dist,6.000000,0.000001,0.000004
Dist,7.000000,0.000001,0.000005
Dist,8.000000,0.000001,0.000006
Dist,9.000000,0.000001,0.000008
Dist,10.000000,0.000001,0.000009
Dist,11.000000,0.000002,0.000011
Dist,12.000000,0.000002,0.000013
Dist,13.000000,0.000002,0.000015
Dist,14.000000,0.000002,0.000017
Dist,15.000000,0.000003,0.000020
Dist,16.000000,0.000003,0.000023
Dist,17.000000,0.000003,0.000026
Dist,18.000000,0.000004,0.000030
Dist,19.000000,0.000004,0.000034
Dist,20.000000,0.000005,0.000039
Dist,21.000000,0.000006,0.000044
Dist,22.000000,0.000006,0.000051
Dist,23.000000,0.000007,0.000058
Dist,24.000000,0.000008,0.000066
Dist,25.000000,0.000009,0.000075
Dist,26.000000,0.000010,0.000085
Dist,27.000000,0.000012,0.000096
Dist,28.000000,0.000013,0.000109
Dist,29.000000,0.000015,0.000124
Dist,30.000000,0.000017,0.000141
Dist,31.000000,0.000019,0.000160
Dist,32.000000,0.000021,0.000181
Dist,33.000000,0.000024,0.000205
Dist,34.000000,0.000027,0.000232
Dist,35.000000,0.000031,0.000263
Dist,36.000000,0.000035,0.000298
Dist,37.000000,0.000039,0.000337
Dist,38.000000,0.000045,0.000382
Dist,39.000000,0.000050,0.000432
Dist,40.000000,0.000057,0.000489
Dist,41.000000,0.000064,0.000553
Dist,42.000000,0.000073,0.000626
Dist,43.000000,0.000082,0.000709
Dist,44.000000,0.000093,0.000802
Dist,45.000000,0.000105,0.000907
Dist,46.000000,0.000119,0.001026
Dist,47.000000,0.000135,0.001161
Dist,48.000000,0.000152,0.001313
Dist,49.000000,0.000172,0.001485
Dist,50.000000,0.000195,0.001680
Dist,51.000000,0.000220,0.001900
Dist,52.000000,0.000249,0.002149
Dist,53.000000,0.000282,0.002431
Dist,54.000000,0.000319,0.002750
Dist,55.000000,0.000360,0.003110
Dist,56.000000,0.000407,0.003517
Dist,57.000000,0.000461,0.003978
Dist,58.000000,0.000521,0.004499
Dist,59.000000,0.000589,0.005088
Dist,60.000000,0.000666,0.005755
Dist,61.000000,0.000754,0.006508
Dist,62.000000,0.000852,0.007361
Dist,63.000000,0.000964,0.008325
Dist,64.000000,0.001090,0.009414
Dist,65.000000,0.001233,0.010647
Dist,66.000000,0.001394,0.012041
Dist,67.000000,0.001576,0.013617
Dist,68.000000,0.001783,0.015400
Dist,69.000000,0.002016,0.017416
Dist,70.000000,0.002280,0.019696
Dist,71.000000,0.002578,0.022275
Dist,72.000000,0.002916,0.025191
Dist,73.000000,0.003298,0.028489
Dist,74.000000,0.003729,0.032218
Dist,75.000000,0.004218,0.036436
Dist,76.000000,0.004770,0.041206
Dist,77.000000,0.005394,0.046600
Dist,78.000000,0.006101,0.052700
Dist,79.000000,0.006899,0.059600
Dist,80.000000,0.007803,0.067403
Dist,81.000000,0.008825,0.076228
Dist,82.000000,0.009982,0.086210
Dist,83.000000,0.011291,0.097501
Dist,84.000000,0.012772,0.110274
Dist,85.000000,0.014450,0.124724
Dist,86.000000,0.016351,0.141075
Dist,87.000000,0.018507,0.159582
Dist,88.000000,0.020955,0.180536
Dist,89.000000,0.023740,0.204277
Dist,90.000000,0.026918,0.231194
Dist,91.000000,0.030559,0.261754
Dist,92.000000,0.034760,0.296513
Dist,93.000000,0.039656,0.336170
Dist,94.000000,0.045461,0.381631
Dist,95.000000,0.052533,0.434164
Dist,96.000000,0.061553,0.495716
Dist,97.000000,0.073964,0.569681
Dist,98.000000,0.093232,0.662913
Dist,99.000000,0.128701,0.791613
Dist,100.000000,0.208387,1.000000

## Exp Num, PV Num, PV Name, Start Time, Stop Time, Type, Mean, Variance,NumDistPts
0,1,AvgPeerDistance,-1.000000,-1.000000,Results,5.500000,8.250000,11
## Dist,x, P(X=x), P(X<=x)
Dist,0.000000,0.000000,0.000000
Dist,1.000000,0.100000,0.100000
Dist,2.000000,0.100000,0.200000
Dist,3.000000,0.100000,0.300000
Dist,4.000000,0.100000,0.400000
Dist,5.000000,0.100000,0.500000
Dist,6.000000,0.100000,0.600000
Dist,7.000000,0.100000,0.700000
Dist,8.000000,0.100000,0.800000
Dist,9.000000,0.100000,0.900000
Dist,10.000000,0.100000,1.000000

## Exp Num, PV Num, PV Name, Start Time, Stop Time, Type, Mean, Variance,NumDistPts
0,2,BlockingProbability,-1.000000,-1.000000,Results,0.208387,0.164962,2
## Dist,x, P(X=x), P(X<=x)
Dist,0.000000,0.791613,0.791613
Dist,1.000000,0.208387,1.000000

