## Exp Num, PV Num, PV Name, Start Time, Stop Time, Type, Mean, Variance,NumDistPts
0,0,AvgQueueSize,-1.000000,-1.000000,Results,98.508458,6.167105,101
## Dist,x, P(X=x), P(X<=x)
Dist,0.000000,0.000000,0.000000
Dist,1.000000,0.000000,0.000000
Dist,2.000000,0.000000,0.000000
Dist,3.000000,0.000000,0.000000
Dist,4.000000,0.000000,0.000000
Dist,5.000000,0.000000,0.000000
Dist,6.000000,0.000000,0.000000
Dist,7.000000,0.000000,0.000000
Dist,8.000000,0.000000,0.000000
Dist,9.000000,0.000000,0.000000
Dist,10.000000,0.000000,0.000000
Dist,11.000000,0.000000,0.000000
Dist,12.000000,0.000000,0.000000
Dist,13.000000,0.000000,0.000000
Dist,14.000000,0.000000,0.000000
Dist,15.000000,0.000000,0.000000
Dist,16.000000,0.000000,0.000000
Dist,17.000000,0.000000,0.000000
Dist,18.000000,0.000000,0.000000
Dist,19.000000,0.000000,0.000000
Dist,20.000000,0.000000,0.000000
Dist,21.000000,0.000000,0.000000
Dist,22.000000,0.000000,0.000000
Dist,23.000000,0.000000,0.000000
Dist,24.000000,0.000000,0.000000
Dist,25.000000,0.000000,0.000000
Dist,26.000000,0.000000,0.000000
Dist,27.000000,0.000000,0.000000
Dist,28.000000,0.000000,0.000000
Dist,29.000000,0.000000,0.000000
Dist,30.000000,0.000000,0.000000
Dist,31.000000,0.000000,0.000000
Dist,32.000000,0.000000,0.000000
Dist,33.000000,0.000000,0.000000
Dist,34.000000,0.000000,0.000000
Dist,35.000000,0.000000,0.000000
Dist,36.000000,0.000000,0.000000
Dist,37.000000,0.000000,0.000000
Dist,38.000000,0.000000,0.000000
Dist,39.000000,0.000000,0.000000
Dist,40.000000,0.000000,0.000000
Dist,41.000000,0.000000,0.000000
Dist,42.000000,0.000000,0.000000
Dist,43.000000,0.000000,0.000000
Dist,44.000000,0.000000,0.000000
Dist,45.000000,0.000000,0.000000
Dist,46.000000,0.000000,0.000000
Dist,47.000000,0.000000,0.000000
Dist,48.000000,0.000000,0.000000
Dist,49.000000,0.000000,0.000000
Dist,50.000000,0.000000,0.000000
Dist,51.000000,0.000000,0.000000
Dist,52.000000,0.000000,0.000000
Dist,53.000000,0.000000,0.000000
Dist,54.000000,0.000000,0.000000
Dist,55.000000,0.000000,0.000001
Dist,56.000000,0.000000,0.000001
Dist,57.000000,0.000000,0.000001
Dist,58.000000,0.000000,0.000001
Dist,59.000000,0.000000,0.000002
Dist,60.000000,0.000001,0.000002
Dist,61.000000,0.000001,0.000003
Dist,62.000000,0.000001,0.000004
Dist,63.000000,0.000002,0.000006
Dist,64.000000,0.000002,0.000008
Dist,65.000000,0.000003,0.000011
Dist,66.000000,0.000004,0.000014
Dist,67.000000,0.000005,0.000019
Dist,68.000000,0.000007,0.000026
Dist,69.000000,0.000009,0.000035
Dist,70.000000,0.000012,0.000048
Dist,71.000000,0.000017,0.000064
Dist,72.000000,0.000022,0.000087
Dist,73.000000,0.000030,0.000117
Dist,74.000000,0.000041,0.000158
Dist,75.000000,0.000055,0.000213
Dist,76.000000,0.000074,0.000287
Dist,77.000000,0.000100,0.000387
Dist,78.000000,0.000135,0.000522
Dist,79.000000,0.000182,0.000705
Dist,80.000000,0.000246,0.000951
Dist,81.000000,0.000332,0.001283
Dist,82.000000,0.000448,0.001731
Dist,83.000000,0.000605,0.002336
Dist,84.000000,0.000818,0.003153
Dist,85.000000,0.001105,0.004258
Dist,86.000000,0.001495,0.005753
Dist,87.000000,0.002024,0.007777
Dist,88.000000,0.002745,0.010522
Dist,89.000000,0.003730,0.014251
Dist,90.000000,0.005082,0.019334
Dist,91.000000,0.006954,0.026288
Dist,92.000000,0.009570,0.035858
Dist,93.000000,0.013285,0.049144
Dist,94.000000,0.018684,0.067827
Dist,95.000000,0.026811,0.094639
Dist,96.000000,0.039741,0.134379
Dist,97.000000,0.062132,0.196511
Dist,98.000000,0.106066,0.302577
Dist,99.000000,0.207668,0.510245
Dist,100.000000,0.489755,1.000000

## Exp Num, PV Num, PV Name, Start Time, Stop Time, Type, Mean, Variance,NumDistPts
0,1,AvgPeerDistance,-1.000000,-1.000000,Results,6.285714,7.632653,11
## Dist,x, P(X=x), P(X<=x)
Dist,0.000000,-0.000000,-0.000000
Dist,1.000000,0.057143,0.057143
Dist,2.000000,0.066667,0.123810
Dist,3.000000,0.076190,0.200000
Dist,4.000000,0.085714,0.285714
Dist,5.000000,0.095238,0.380952
Dist,6.000000,0.104762,0.485714
Dist,7.000000,0.114286,0.600000
Dist,8.000000,0.123810,0.723810
Dist,9.000000,0.133333,0.857143
Dist,10.000000,0.142857,1.000000

## Exp Num, PV Num, PV Name, Start Time, Stop Time, Type, Mean, Variance,NumDistPts
0,2,BlockingProbability,-1.000000,-1.000000,Results,0.489755,0.249895,2
## Dist,x, P(X=x), P(X<=x)
Dist,0.000000,0.510245,0.510245
Dist,1.000000,0.489755,1.000000

