## Exp Num, PV Num, PV Name, Start Time, Stop Time, Type, Mean, Variance,NumDistPts
0,0,AvgQueueSize,-1.000000,-1.000000,Results,2.495548,8.723338,101
## Dist,x, P(X=x), P(X<=x)
Dist,0.000000,0.286078,0.286078
Dist,1.000000,0.204237,0.490316
Dist,2.000000,0.145810,0.636125
Dist,3.000000,0.104097,0.740222
Dist,4.000000,0.074317,0.814539
Dist,5.000000,0.053056,0.867595
Dist,6.000000,0.037878,0.905473
Dist,7.000000,0.027042,0.932515
Dist,8.000000,0.019306,0.951821
Dist,9.000000,0.013783,0.965604
Dist,10.000000,0.009840,0.975444
Dist,11.000000,0.007025,0.982469
Dist,12.000000,0.005015,0.987484
Dist,13.000000,0.003580,0.991065
Dist,14.000000,0.002556,0.993621
Dist,15.000000,0.001825,0.995446
Dist,16.000000,0.001303,0.996749
Dist,17.000000,0.000930,0.997679
Dist,18.000000,0.000664,0.998343
Dist,19.000000,0.000474,0.998817
Dist,20.000000,0.000338,0.999155
Dist,21.000000,0.000242,0.999397
Dist,22.000000,0.000173,0.999569
Dist,23.000000,0.000123,0.999693
Dist,24.000000,0.000088,0.999781
Dist,25.000000,0.000063,0.999843
Dist,26.000000,0.000045,0.999888
Dist,27.000000,0.000032,0.999920
Dist,28.000000,0.000023,0.999943
Dist,29.000000,0.000016,0.999959
Dist,30.000000,0.000012,0.999971
Dist,31.000000,0.000008,0.999979
Dist,32.000000,0.000006,0.999985
Dist,33.000000,0.000004,0.999989
Dist,34.000000,0.000003,0.999992
Dist,35.000000,0.000002,0.999995
Dist,36.000000,0.000002,0.999996
Dist,37.000000,0.000001,0.999997
Dist,38.000000,0.000001,0.999998
Dist,39.000000,0.000001,0.999999
Dist,40.000000,0.000000,0.999999
Dist,41.000000,0.000000,0.999999
Dist,42.000000,0.000000,0.999999
Dist,43.000000,0.000000,1.000000
Dist,44.000000,0.000000,1.000000
Dist,45.000000,0.000000,1.000000
Dist,46.000000,0.000000,1.000000
Dist,47.000000,0.000000,1.000000
Dist,48.000000,0.000000,1.000000
Dist,49.000000,0.000000,1.000000
Dist,50.000000,0.000000,1.000000
Dist,51.000000,0.000000,1.000000
Dist,52.000000,0.000000,1.000000
Dist,53.000000,0.000000,1.000000
Dist,54.000000,0.000000,1.000000
Dist,55.000000,0.000000,1.000000
Dist,56.000000,0.000000,1.000000
Dist,57.000000,0.000000,1.000000
Dist,58.000000,0.000000,1.000000
Dist,59.000000,0.000000,1.000000
Dist,60.000000,0.000000,1.000000
Dist,61.000000,0.000000,1.000000
Dist,62.000000,0.000000,1.000000
Dist,63.000000,0.000000,1.000000
Dist,64.000000,0.000000,1.000000
Dist,65.000000,0.000000,1.000000
Dist,66.000000,0.000000,1.000000
Dist,67.000000,0.000000,1.000000
Dist,68.000000,0.000000,1.000000
Dist,69.000000,0.000000,1.000000
Dist,70.000000,0.000000,1.000000
Dist,71.000000,0.000000,1.000000
Dist,72.000000,0.000000,1.000000
Dist,73.000000,0.000000,1.000000
Dist,74.000000,0.000000,1.000000
Dist,75.000000,0.000000,1.000000
Dist,76.000000,0.000000,1.000000
Dist,77.000000,0.000000,1.000000
Dist,78.000000,0.000000,1.000000
Dist,79.000000,0.000000,1.000000
Dist,80.000000,0.000000,1.000000
Dist,81.000000,0.000000,1.000000
Dist,82.000000,0.000000,1.000000
Dist,83.000000,0.000000,1.000000
Dist,84.000000,0.000000,1.000000
Dist,85.000000,0.000000,1.000000
Dist,86.000000,0.000000,1.000000
Dist,87.000000,0.000000,1.000000
Dist,88.000000,0.000000,1.000000
Dist,89.000000,0.000000,1.000000
Dist,90.000000,0.000000,1.000000
Dist,91.000000,0.000000,1.000000
Dist,92.000000,0.000000,1.000000
Dist,93.000000,0.000000,1.000000
Dist,94.000000,0.000000,1.000000
Dist,95.000000,0.000000,1.000000
Dist,96.000000,0.000000,1.000000
Dist,97.000000,0.000000,1.000000
Dist,98.000000,0.000000,1.000000
Dist,99.000000,0.000000,1.000000
Dist,100.000000,0.000000,1.000000

## Exp Num, PV Num, PV Name, Start Time, Stop Time, Type, Mean, Variance,NumDistPts
0,1,AvgPeerDistance,-1.000000,-1.000000,Results,6.285714,7.632653,11
## Dist,x, P(X=x), P(X<=x)
Dist,0.000000,-0.000000,-0.000000
Dist,1.000000,0.057143,0.057143
Dist,2.000000,0.066667,0.123810
Dist,3.000000,0.076190,0.200000
Dist,4.000000,0.085714,0.285714
Dist,5.000000,0.095238,0.380952
Dist,6.000000,0.104762,0.485714
Dist,7.000000,0.114286,0.600000
Dist,8.000000,0.123810,0.723810
Dist,9.000000,0.133333,0.857143
Dist,10.000000,0.142857,1.000000

## Exp Num, PV Num, PV Name, Start Time, Stop Time, Type, Mean, Variance,NumDistPts
0,2,BlockingProbability,-1.000000,-1.000000,Results,0.000000,0.000000,2
## Dist,x, P(X=x), P(X<=x)
Dist,0.000000,1.000000,1.000000
Dist,1.000000,0.000000,1.000000

