## Exp Num, PV Num, PV Name, Start Time, Stop Time, Type, Mean, Variance,NumDistPts
0,0,AvgQueueSize,-1.000000,-1.000000,Results,97.540357,13.723094,101
## Dist,x, P(X=x), P(X<=x)
Dist,0.000000,0.000000,0.000000
Dist,1.000000,0.000000,0.000000
Dist,2.000000,0.000000,0.000000
Dist,3.000000,0.000000,0.000000
Dist,4.000000,0.000000,0.000000
Dist,5.000000,0.000000,0.000000
Dist,6.000000,0.000000,0.000000
Dist,7.000000,0.000000,0.000000
Dist,8.000000,0.000000,0.000000
Dist,9.000000,0.000000,0.000000
Dist,10.000000,0.000000,0.000000
Dist,11.000000,0.000000,0.000000
Dist,12.000000,0.000000,0.000000
Dist,13.000000,0.000000,0.000000
Dist,14.000000,0.000000,0.000000
Dist,15.000000,0.000000,0.000000
Dist,16.000000,0.000000,0.000000
Dist,17.000000,0.000000,0.000000
Dist,18.000000,0.000000,0.000000
Dist,19.000000,0.000000,0.000000
Dist,20.000000,0.000000,0.000000
Dist,21.000000,0.000000,0.000000
Dist,22.000000,0.000000,0.000000
Dist,23.000000,0.000000,0.000000
Dist,24.000000,0.000000,0.000000
Dist,25.000000,0.000000,0.000000
Dist,26.000000,0.000000,0.000000
Dist,27.000000,0.000000,0.000000
Dist,28.000000,0.000000,0.000000
Dist,29.000000,0.000000,0.000000
Dist,30.000000,0.000000,0.000000
Dist,31.000000,0.000000,0.000000
Dist,32.000000,0.000000,0.000000
Dist,33.000000,0.000000,0.000000
Dist,34.000000,0.000000,0.000000
Dist,35.000000,0.000000,0.000000
Dist,36.000000,0.000000,0.000000
Dist,37.000000,0.000000,0.000000
Dist,38.000000,0.000000,0.000001
Dist,39.000000,0.000000,0.000001
Dist,40.000000,0.000000,0.000001
Dist,41.000000,0.000000,0.000001
Dist,42.000000,0.000000,0.000001
Dist,43.000000,0.000000,0.000002
Dist,44.000000,0.000000,0.000002
Dist,45.000000,0.000001,0.000003
Dist,46.000000,0.000001,0.000003
Dist,47.000000,0.000001,0.000004
Dist,48.000000,0.000001,0.000005
Dist,49.000000,0.000001,0.000006
Dist,50.000000,0.000002,0.000008
Dist,51.000000,0.000002,0.000010
Dist,52.000000,0.000002,0.000012
Dist,53.000000,0.000003,0.000015
Dist,54.000000,0.000004,0.000019
Dist,55.000000,0.000005,0.000023
Dist,56.000000,0.000006,0.000029
Dist,57.000000,0.000007,0.000036
Dist,58.000000,0.000009,0.000046
Dist,59.000000,0.000011,0.000057
Dist,60.000000,0.000014,0.000071
Dist,61.000000,0.000018,0.000089
Dist,62.000000,0.000022,0.000110
Dist,63.000000,0.000027,0.000138
Dist,64.000000,0.000034,0.000172
Dist,65.000000,0.000043,0.000215
Dist,66.000000,0.000053,0.000268
Dist,67.000000,0.000067,0.000335
Dist,68.000000,0.000083,0.000418
Dist,69.000000,0.000104,0.000522
Dist,70.000000,0.000129,0.000651
Dist,71.000000,0.000162,0.000813
Dist,72.000000,0.000202,0.001014
Dist,73.000000,0.000252,0.001266
Dist,74.000000,0.000314,0.001580
Dist,75.000000,0.000392,0.001973
Dist,76.000000,0.000490,0.002463
Dist,77.000000,0.000612,0.003074
Dist,78.000000,0.000764,0.003838
Dist,79.000000,0.000954,0.004792
Dist,80.000000,0.001191,0.005983
Dist,81.000000,0.001488,0.007470
Dist,82.000000,0.001858,0.009328
Dist,83.000000,0.002323,0.011651
Dist,84.000000,0.002904,0.014555
Dist,85.000000,0.003632,0.018187
Dist,86.000000,0.004546,0.022733
Dist,87.000000,0.005696,0.028429
Dist,88.000000,0.007147,0.035576
Dist,89.000000,0.008983,0.044559
Dist,90.000000,0.011319,0.055877
Dist,91.000000,0.014312,0.070189
Dist,92.000000,0.018188,0.088378
Dist,93.000000,0.023283,0.111661
Dist,94.000000,0.030130,0.141791
Dist,95.000000,0.039642,0.181433
Dist,96.000000,0.053547,0.234979
Dist,97.000000,0.075490,0.310469
Dist,98.000000,0.114174,0.424643
Dist,99.000000,0.193022,0.617665
Dist,100.000000,0.382335,1.000000

## Exp Num, PV Num, PV Name, Start Time, Stop Time, Type, Mean, Variance,NumDistPts
0,1,AvgPeerDistance,-1.000000,-1.000000,Results,6.285714,7.632653,11
## Dist,x, P(X=x), P(X<=x)
Dist,0.000000,0.000000,0.000000
Dist,1.000000,0.057143,0.057143
Dist,2.000000,0.066667,0.123810
Dist,3.000000,0.076190,0.200000
Dist,4.000000,0.085714,0.285714
Dist,5.000000,0.095238,0.380952
Dist,6.000000,0.104762,0.485714
Dist,7.000000,0.114286,0.600000
Dist,8.000000,0.123810,0.723810
Dist,9.000000,0.133333,0.857143
Dist,10.000000,0.142857,1.000000

## Exp Num, PV Num, PV Name, Start Time, Stop Time, Type, Mean, Variance,NumDistPts
0,2,BlockingProbability,-1.000000,-1.000000,Results,0.382335,0.236155,2
## Dist,x, P(X=x), P(X<=x)
Dist,0.000000,0.617665,0.617665
Dist,1.000000,0.382335,1.000000

