## Exp Num, PV Num, PV Name, Start Time, Stop Time, Type, Mean, Variance,NumDistPts
0,0,AvgQueueSize,-1.000000,-1.000000,Results,97.719002,12.154335,101
## Dist,x, P(X=x), P(X<=x)
Dist,0.000000,0.000000,0.000000
Dist,1.000000,0.000000,0.000000
Dist,2.000000,0.000000,0.000000
Dist,3.000000,0.000000,0.000000
Dist,4.000000,0.000000,0.000000
Dist,5.000000,0.000000,0.000000
Dist,6.000000,0.000000,0.000000
Dist,7.000000,0.000000,0.000000
Dist,8.000000,0.000000,0.000000
Dist,9.000000,0.000000,0.000000
Dist,10.000000,0.000000,0.000000
Dist,11.000000,0.000000,0.000000
Dist,12.000000,0.000000,0.000000
Dist,13.000000,0.000000,0.000000
Dist,14.000000,0.000000,0.000000
Dist,15.000000,0.000000,0.000000
Dist,16.000000,0.000000,0.000000
Dist,17.000000,0.000000,0.000000
Dist,18.000000,0.000000,0.000000
Dist,19.000000,0.000000,0.000000
Dist,20.000000,0.000000,0.000000
Dist,21.000000,0.000000,0.000000
Dist,22.000000,0.000000,0.000000
Dist,23.000000,0.000000,0.000000
Dist,24.000000,0.000000,0.000000
Dist,25.000000,0.000000,0.000000
Dist,26.000000,0.000000,0.000000
Dist,27.000000,0.000000,0.000000
Dist,28.000000,0.000000,0.000000
Dist,29.000000,0.000000,0.000000
Dist,30.000000,0.000000,0.000000
Dist,31.000000,0.000000,0.000000
Dist,32.000000,0.000000,0.000000
Dist,33.000000,0.000000,0.000000
Dist,34.000000,0.000000,0.000000
Dist,35.000000,0.000000,0.000000
Dist,36.000000,0.000000,0.000000
Dist,37.000000,0.000000,0.000000
Dist,38.000000,0.000000,0.000000
Dist,39.000000,0.000000,0.000000
Dist,40.000000,0.000000,0.000000
Dist,41.000000,0.000000,0.000001
Dist,42.000000,0.000000,0.000001
Dist,43.000000,0.000000,0.000001
Dist,44.000000,0.000000,0.000001
Dist,45.000000,0.000000,0.000001
Dist,46.000000,0.000000,0.000002
Dist,47.000000,0.000000,0.000002
Dist,48.000000,0.000001,0.000003
Dist,49.000000,0.000001,0.000003
Dist,50.000000,0.000001,0.000004
Dist,51.000000,0.000001,0.000006
Dist,52.000000,0.000001,0.000007
Dist,53.000000,0.000002,0.000009
Dist,54.000000,0.000002,0.000011
Dist,55.000000,0.000003,0.000014
Dist,56.000000,0.000004,0.000018
Dist,57.000000,0.000005,0.000022
Dist,58.000000,0.000006,0.000028
Dist,59.000000,0.000007,0.000035
Dist,60.000000,0.000009,0.000045
Dist,61.000000,0.000012,0.000056
Dist,62.000000,0.000015,0.000071
Dist,63.000000,0.000019,0.000089
Dist,64.000000,0.000023,0.000113
Dist,65.000000,0.000030,0.000142
Dist,66.000000,0.000037,0.000180
Dist,67.000000,0.000047,0.000227
Dist,68.000000,0.000059,0.000286
Dist,69.000000,0.000075,0.000361
Dist,70.000000,0.000094,0.000455
Dist,71.000000,0.000119,0.000574
Dist,72.000000,0.000150,0.000724
Dist,73.000000,0.000189,0.000913
Dist,74.000000,0.000239,0.001152
Dist,75.000000,0.000301,0.001454
Dist,76.000000,0.000380,0.001834
Dist,77.000000,0.000480,0.002314
Dist,78.000000,0.000606,0.002920
Dist,79.000000,0.000764,0.003684
Dist,80.000000,0.000965,0.004648
Dist,81.000000,0.001218,0.005866
Dist,82.000000,0.001538,0.007404
Dist,83.000000,0.001942,0.009346
Dist,84.000000,0.002454,0.011799
Dist,85.000000,0.003102,0.014901
Dist,86.000000,0.003924,0.018826
Dist,87.000000,0.004970,0.023796
Dist,88.000000,0.006302,0.030098
Dist,89.000000,0.008007,0.038105
Dist,90.000000,0.010198,0.048303
Dist,91.000000,0.013037,0.061340
Dist,92.000000,0.016752,0.078092
Dist,93.000000,0.021687,0.099779
Dist,94.000000,0.028391,0.128170
Dist,95.000000,0.037810,0.165979
Dist,96.000000,0.051738,0.217717
Dist,97.000000,0.073998,0.291716
Dist,98.000000,0.113807,0.405522
Dist,99.000000,0.196305,0.601828
Dist,100.000000,0.398172,1.000000

## Exp Num, PV Num, PV Name, Start Time, Stop Time, Type, Mean, Variance,NumDistPts
0,1,AvgPeerDistance,-1.000000,-1.000000,Results,6.285714,7.632653,11
## Dist,x, P(X=x), P(X<=x)
Dist,0.000000,0.000000,0.000000
Dist,1.000000,0.057143,0.057143
Dist,2.000000,0.066667,0.123810
Dist,3.000000,0.076190,0.200000
Dist,4.000000,0.085714,0.285714
Dist,5.000000,0.095238,0.380952
Dist,6.000000,0.104762,0.485714
Dist,7.000000,0.114286,0.600000
Dist,8.000000,0.123810,0.723810
Dist,9.000000,0.133333,0.857143
Dist,10.000000,0.142857,1.000000

## Exp Num, PV Num, PV Name, Start Time, Stop Time, Type, Mean, Variance,NumDistPts
0,2,BlockingProbability,-1.000000,-1.000000,Results,0.398172,0.239631,2
## Dist,x, P(X=x), P(X<=x)
Dist,0.000000,0.601828,0.601828
Dist,1.000000,0.398172,1.000000

