## Exp Num, PV Num, PV Name, Start Time, Stop Time, Type, Mean, Variance,NumDistPts
0,0,AvgQueueSize,-1.000000,-1.000000,Results,98.012515,9.744522,101
## Dist,x, P(X=x), P(X<=x)
Dist,0.000000,0.000000,0.000000
Dist,1.000000,0.000000,0.000000
Dist,2.000000,0.000000,0.000000
Dist,3.000000,0.000000,0.000000
Dist,4.000000,0.000000,0.000000
Dist,5.000000,0.000000,0.000000
Dist,6.000000,0.000000,0.000000
Dist,7.000000,0.000000,0.000000
Dist,8.000000,0.000000,0.000000
Dist,9.000000,0.000000,0.000000
Dist,10.000000,0.000000,0.000000
Dist,11.000000,0.000000,0.000000
Dist,12.000000,0.000000,0.000000
Dist,13.000000,0.000000,0.000000
Dist,14.000000,0.000000,0.000000
Dist,15.000000,0.000000,0.000000
Dist,16.000000,0.000000,0.000000
Dist,17.000000,0.000000,0.000000
Dist,18.000000,0.000000,0.000000
Dist,19.000000,0.000000,0.000000
Dist,20.000000,0.000000,0.000000
Dist,21.000000,0.000000,0.000000
Dist,22.000000,0.000000,0.000000
Dist,23.000000,0.000000,0.000000
Dist,24.000000,0.000000,0.000000
Dist,25.000000,0.000000,0.000000
Dist,26.000000,0.000000,0.000000
Dist,27.000000,0.000000,0.000000
Dist,28.000000,0.000000,0.000000
Dist,29.000000,0.000000,0.000000
Dist,30.000000,0.000000,0.000000
Dist,31.000000,0.000000,0.000000
Dist,32.000000,0.000000,0.000000
Dist,33.000000,0.000000,0.000000
Dist,34.000000,0.000000,0.000000
Dist,35.000000,0.000000,0.000000
Dist,36.000000,0.000000,0.000000
Dist,37.000000,0.000000,0.000000
Dist,38.000000,0.000000,0.000000
Dist,39.000000,0.000000,0.000000
Dist,40.000000,0.000000,0.000000
Dist,41.000000,0.000000,0.000000
Dist,42.000000,0.000000,0.000000
Dist,43.000000,0.000000,0.000000
Dist,44.000000,0.000000,0.000000
Dist,45.000000,0.000000,0.000000
Dist,46.000000,0.000000,0.000001
Dist,47.000000,0.000000,0.000001
Dist,48.000000,0.000000,0.000001
Dist,49.000000,0.000000,0.000001
Dist,50.000000,0.000000,0.000001
Dist,51.000000,0.000000,0.000002
Dist,52.000000,0.000001,0.000002
Dist,53.000000,0.000001,0.000003
Dist,54.000000,0.000001,0.000004
Dist,55.000000,0.000001,0.000005
Dist,56.000000,0.000001,0.000007
Dist,57.000000,0.000002,0.000009
Dist,58.000000,0.000002,0.000011
Dist,59.000000,0.000003,0.000014
Dist,60.000000,0.000004,0.000018
Dist,61.000000,0.000005,0.000024
Dist,62.000000,0.000007,0.000030
Dist,63.000000,0.000009,0.000039
Dist,64.000000,0.000011,0.000050
Dist,65.000000,0.000014,0.000065
Dist,66.000000,0.000019,0.000083
Dist,67.000000,0.000024,0.000107
Dist,68.000000,0.000031,0.000138
Dist,69.000000,0.000040,0.000178
Dist,70.000000,0.000051,0.000229
Dist,71.000000,0.000066,0.000295
Dist,72.000000,0.000085,0.000380
Dist,73.000000,0.000109,0.000489
Dist,74.000000,0.000141,0.000629
Dist,75.000000,0.000181,0.000810
Dist,76.000000,0.000233,0.001043
Dist,77.000000,0.000300,0.001343
Dist,78.000000,0.000386,0.001729
Dist,79.000000,0.000497,0.002227
Dist,80.000000,0.000641,0.002868
Dist,81.000000,0.000825,0.003693
Dist,82.000000,0.001064,0.004757
Dist,83.000000,0.001371,0.006127
Dist,84.000000,0.001768,0.007895
Dist,85.000000,0.002281,0.010176
Dist,86.000000,0.002945,0.013121
Dist,87.000000,0.003806,0.016926
Dist,88.000000,0.004926,0.021852
Dist,89.000000,0.006388,0.028240
Dist,90.000000,0.008305,0.036545
Dist,91.000000,0.010840,0.047385
Dist,92.000000,0.014225,0.061610
Dist,93.000000,0.018814,0.080424
Dist,94.000000,0.025178,0.105602
Dist,95.000000,0.034311,0.139912
Dist,96.000000,0.048122,0.188034
Dist,97.000000,0.070739,0.258773
Dist,98.000000,0.112328,0.371101
Dist,99.000000,0.201369,0.572470
Dist,100.000000,0.427530,1.000000

## Exp Num, PV Num, PV Name, Start Time, Stop Time, Type, Mean, Variance,NumDistPts
0,1,AvgPeerDistance,-1.000000,-1.000000,Results,6.285714,7.632653,11
## Dist,x, P(X=x), P(X<=x)
Dist,0.000000,-0.000000,-0.000000
Dist,1.000000,0.057143,0.057143
Dist,2.000000,0.066667,0.123810
Dist,3.000000,0.076190,0.200000
Dist,4.000000,0.085714,0.285714
Dist,5.000000,0.095238,0.380952
Dist,6.000000,0.104762,0.485714
Dist,7.000000,0.114286,0.600000
Dist,8.000000,0.123810,0.723810
Dist,9.000000,0.133333,0.857143
Dist,10.000000,0.142857,1.000000

## Exp Num, PV Num, PV Name, Start Time, Stop Time, Type, Mean, Variance,NumDistPts
0,2,BlockingProbability,-1.000000,-1.000000,Results,0.427530,0.244748,2
## Dist,x, P(X=x), P(X<=x)
Dist,0.000000,0.572470,0.572470
Dist,1.000000,0.427530,1.000000

