## Exp Num, PV Num, PV Name, Start Time, Stop Time, Type, Mean, Variance,NumDistPts
0,0,AvgQueueSize,-1.000000,-1.000000,Results,95.540367,36.230421,101
## Dist,x, P(X=x), P(X<=x)
Dist,0.000000,0.000000,0.000000
Dist,1.000000,0.000000,0.000000
Dist,2.000000,0.000000,0.000000
Dist,3.000000,0.000000,0.000000
Dist,4.000000,0.000000,0.000000
Dist,5.000000,0.000000,0.000000
Dist,6.000000,0.000000,0.000000
Dist,7.000000,0.000000,0.000000
Dist,8.000000,0.000000,0.000001
Dist,9.000000,0.000000,0.000001
Dist,10.000000,0.000000,0.000001
Dist,11.000000,0.000000,0.000001
Dist,12.000000,0.000000,0.000001
Dist,13.000000,0.000000,0.000001
Dist,14.000000,0.000000,0.000002
Dist,15.000000,0.000000,0.000002
Dist,16.000000,0.000000,0.000002
Dist,17.000000,0.000000,0.000002
Dist,18.000000,0.000000,0.000003
Dist,19.000000,0.000001,0.000003
Dist,20.000000,0.000001,0.000004
Dist,21.000000,0.000001,0.000005
Dist,22.000000,0.000001,0.000005
Dist,23.000000,0.000001,0.000006
Dist,24.000000,0.000001,0.000007
Dist,25.000000,0.000001,0.000009
Dist,26.000000,0.000001,0.000010
Dist,27.000000,0.000002,0.000012
Dist,28.000000,0.000002,0.000014
Dist,29.000000,0.000002,0.000016
Dist,30.000000,0.000003,0.000018
Dist,31.000000,0.000003,0.000022
Dist,32.000000,0.000003,0.000025
Dist,33.000000,0.000004,0.000029
Dist,34.000000,0.000005,0.000034
Dist,35.000000,0.000005,0.000039
Dist,36.000000,0.000006,0.000046
Dist,37.000000,0.000007,0.000053
Dist,38.000000,0.000009,0.000062
Dist,39.000000,0.000010,0.000072
Dist,40.000000,0.000012,0.000083
Dist,41.000000,0.000013,0.000097
Dist,42.000000,0.000016,0.000112
Dist,43.000000,0.000018,0.000130
Dist,44.000000,0.000021,0.000151
Dist,45.000000,0.000024,0.000176
Dist,46.000000,0.000028,0.000204
Dist,47.000000,0.000033,0.000237
Dist,48.000000,0.000038,0.000275
Dist,49.000000,0.000044,0.000320
Dist,50.000000,0.000052,0.000372
Dist,51.000000,0.000060,0.000431
Dist,52.000000,0.000070,0.000501
Dist,53.000000,0.000081,0.000582
Dist,54.000000,0.000094,0.000676
Dist,55.000000,0.000109,0.000785
Dist,56.000000,0.000127,0.000912
Dist,57.000000,0.000147,0.001059
Dist,58.000000,0.000171,0.001230
Dist,59.000000,0.000198,0.001428
Dist,60.000000,0.000230,0.001659
Dist,61.000000,0.000268,0.001926
Dist,62.000000,0.000311,0.002237
Dist,63.000000,0.000361,0.002598
Dist,64.000000,0.000419,0.003018
Dist,65.000000,0.000487,0.003505
Dist,66.000000,0.000566,0.004070
Dist,67.000000,0.000657,0.004727
Dist,68.000000,0.000763,0.005490
Dist,69.000000,0.000886,0.006376
Dist,70.000000,0.001029,0.007405
Dist,71.000000,0.001195,0.008600
Dist,72.000000,0.001388,0.009988
Dist,73.000000,0.001612,0.011600
Dist,74.000000,0.001872,0.013473
Dist,75.000000,0.002175,0.015648
Dist,76.000000,0.002526,0.018174
Dist,77.000000,0.002934,0.021108
Dist,78.000000,0.003409,0.024517
Dist,79.000000,0.003960,0.028477
Dist,80.000000,0.004601,0.033078
Dist,81.000000,0.005347,0.038425
Dist,82.000000,0.006214,0.044638
Dist,83.000000,0.007224,0.051862
Dist,84.000000,0.008400,0.060262
Dist,85.000000,0.009772,0.070034
Dist,86.000000,0.011375,0.081409
Dist,87.000000,0.013250,0.094659
Dist,88.000000,0.015451,0.110110
Dist,89.000000,0.018043,0.128153
Dist,90.000000,0.021111,0.149264
Dist,91.000000,0.024768,0.174032
Dist,92.000000,0.029174,0.203206
Dist,93.000000,0.034558,0.237764
Dist,94.000000,0.041284,0.279048
Dist,95.000000,0.049961,0.329009
Dist,96.000000,0.061717,0.390726
Dist,97.000000,0.078840,0.469566
Dist,98.000000,0.106479,0.576045
Dist,99.000000,0.157433,0.733478
Dist,100.000000,0.266522,1.000000

## Exp Num, PV Num, PV Name, Start Time, Stop Time, Type, Mean, Variance,NumDistPts
0,1,AvgPeerDistance,-1.000000,-1.000000,Results,6.285714,7.632653,11
## Dist,x, P(X=x), P(X<=x)
Dist,0.000000,0.000000,0.000000
Dist,1.000000,0.057143,0.057143
Dist,2.000000,0.066667,0.123810
Dist,3.000000,0.076190,0.200000
Dist,4.000000,0.085714,0.285714
Dist,5.000000,0.095238,0.380952
Dist,6.000000,0.104762,0.485714
Dist,7.000000,0.114286,0.600000
Dist,8.000000,0.123810,0.723810
Dist,9.000000,0.133333,0.857143
Dist,10.000000,0.142857,1.000000

## Exp Num, PV Num, PV Name, Start Time, Stop Time, Type, Mean, Variance,NumDistPts
0,2,BlockingProbability,-1.000000,-1.000000,Results,0.266522,0.195488,2
## Dist,x, P(X=x), P(X<=x)
Dist,0.000000,0.733478,0.733478
Dist,1.000000,0.266522,1.000000

