## Exp Num, PV Num, PV Name, Start Time, Stop Time, Type, Mean, Variance,NumDistPts
0,0,AvgQueueSize,-1.000000,-1.000000,Results,97.093333,17.976901,101
## Dist,x, P(X=x), P(X<=x)
Dist,0.000000,0.000000,0.000000
Dist,1.000000,0.000000,0.000000
Dist,2.000000,0.000000,0.000000
Dist,3.000000,0.000000,0.000000
Dist,4.000000,0.000000,0.000000
Dist,5.000000,0.000000,0.000000
Dist,6.000000,0.000000,0.000000
Dist,7.000000,0.000000,0.000000
Dist,8.000000,0.000000,0.000000
Dist,9.000000,0.000000,0.000000
Dist,10.000000,0.000000,0.000000
Dist,11.000000,0.000000,0.000000
Dist,12.000000,0.000000,0.000000
Dist,13.000000,0.000000,0.000000
Dist,14.000000,0.000000,0.000000
Dist,15.000000,0.000000,0.000000
Dist,16.000000,0.000000,0.000000
Dist,17.000000,0.000000,0.000000
Dist,18.000000,0.000000,0.000000
Dist,19.000000,0.000000,0.000000
Dist,20.000000,0.000000,0.000000
Dist,21.000000,0.000000,0.000000
Dist,22.000000,0.000000,0.000000
Dist,23.000000,0.000000,0.000000
Dist,24.000000,0.000000,0.000000
Dist,25.000000,0.000000,0.000000
Dist,26.000000,0.000000,0.000000
Dist,27.000000,0.000000,0.000000
Dist,28.000000,0.000000,0.000000
Dist,29.000000,0.000000,0.000000
Dist,30.000000,0.000000,0.000000
Dist,31.000000,0.000000,0.000001
Dist,32.000000,0.000000,0.000001
Dist,33.000000,0.000000,0.000001
Dist,34.000000,0.000000,0.000001
Dist,35.000000,0.000000,0.000001
Dist,36.000000,0.000000,0.000002
Dist,37.000000,0.000000,0.000002
Dist,38.000000,0.000000,0.000002
Dist,39.000000,0.000001,0.000003
Dist,40.000000,0.000001,0.000003
Dist,41.000000,0.000001,0.000004
Dist,42.000000,0.000001,0.000005
Dist,43.000000,0.000001,0.000006
Dist,44.000000,0.000001,0.000008
Dist,45.000000,0.000002,0.000009
Dist,46.000000,0.000002,0.000012
Dist,47.000000,0.000003,0.000014
Dist,48.000000,0.000003,0.000017
Dist,49.000000,0.000004,0.000021
Dist,50.000000,0.000005,0.000026
Dist,51.000000,0.000006,0.000031
Dist,52.000000,0.000007,0.000038
Dist,53.000000,0.000008,0.000047
Dist,54.000000,0.000010,0.000057
Dist,55.000000,0.000013,0.000069
Dist,56.000000,0.000015,0.000085
Dist,57.000000,0.000019,0.000103
Dist,58.000000,0.000023,0.000126
Dist,59.000000,0.000028,0.000154
Dist,60.000000,0.000034,0.000188
Dist,61.000000,0.000041,0.000229
Dist,62.000000,0.000051,0.000280
Dist,63.000000,0.000062,0.000342
Dist,64.000000,0.000075,0.000417
Dist,65.000000,0.000092,0.000509
Dist,66.000000,0.000112,0.000622
Dist,67.000000,0.000137,0.000759
Dist,68.000000,0.000168,0.000926
Dist,69.000000,0.000205,0.001131
Dist,70.000000,0.000250,0.001381
Dist,71.000000,0.000305,0.001685
Dist,72.000000,0.000372,0.002058
Dist,73.000000,0.000454,0.002512
Dist,74.000000,0.000555,0.003067
Dist,75.000000,0.000677,0.003744
Dist,76.000000,0.000827,0.004571
Dist,77.000000,0.001010,0.005580
Dist,78.000000,0.001233,0.006813
Dist,79.000000,0.001506,0.008319
Dist,80.000000,0.001839,0.010158
Dist,81.000000,0.002246,0.012404
Dist,82.000000,0.002745,0.015149
Dist,83.000000,0.003354,0.018503
Dist,84.000000,0.004101,0.022604
Dist,85.000000,0.005017,0.027621
Dist,86.000000,0.006141,0.033762
Dist,87.000000,0.007524,0.041285
Dist,88.000000,0.009229,0.050515
Dist,89.000000,0.011341,0.061855
Dist,90.000000,0.013968,0.075824
Dist,91.000000,0.017262,0.093086
Dist,92.000000,0.021432,0.114517
Dist,93.000000,0.026791,0.141308
Dist,94.000000,0.033830,0.175139
Dist,95.000000,0.043386,0.218525
Dist,96.000000,0.057018,0.275543
Dist,97.000000,0.077978,0.353521
Dist,98.000000,0.113865,0.467386
Dist,99.000000,0.184594,0.651980
Dist,100.000000,0.348020,1.000000

## Exp Num, PV Num, PV Name, Start Time, Stop Time, Type, Mean, Variance,NumDistPts
0,1,AvgPeerDistance,-1.000000,-1.000000,Results,6.285714,7.632653,11
## Dist,x, P(X=x), P(X<=x)
Dist,0.000000,0.000000,0.000000
Dist,1.000000,0.057143,0.057143
Dist,2.000000,0.066667,0.123810
Dist,3.000000,0.076190,0.200000
Dist,4.000000,0.085714,0.285714
Dist,5.000000,0.095238,0.380952
Dist,6.000000,0.104762,0.485714
Dist,7.000000,0.114286,0.600000
Dist,8.000000,0.123810,0.723810
Dist,9.000000,0.133333,0.857143
Dist,10.000000,0.142857,1.000000

## Exp Num, PV Num, PV Name, Start Time, Stop Time, Type, Mean, Variance,NumDistPts
0,2,BlockingProbability,-1.000000,-1.000000,Results,0.348020,0.226902,2
## Dist,x, P(X=x), P(X<=x)
Dist,0.000000,0.651980,0.651980
Dist,1.000000,0.348020,1.000000

